x
1 5
2 30.2403846153846
3 3.75961538461538
4 6
5 48.8205128205128
6 7.17948717948718
7 11
8 64.4148936170213
9 5.58510638297872
10 11
11 64.2162162162162
12 7.78378378378378
13 18
14 68.524861878453
15 10.475138121547
16 11
17 70.2
18 10.8
19 13
20 71.2571428571429
21 14.7428571428571
22 14
23 74.7368421052632
24 15.2631578947368
25 15
26 76.7530120481928
27 16.2469879518072
28 10
29 71.8292682926829
30 23.1707317073171
31 13
32 71.9056603773585
33 31.0943396226415
34 18
35 60.4966887417218
36 44.5033112582781
37 27
