x
1 0
2 6
3 38.2862903225806
4 6.53225806451613
5 0.181451612903226
6 12
7 89.8904109589041
8 11.6438356164384
9 0.465753424657534
10 15
11 148.864864864865
12 30.1621621621622
13 0.972972972972973
14 15
15 205
16 37.962962962963
17 3.03703703703704
18 15
19 258.805555555556
20 44.9166666666667
21 4.27777777777778
22 21
23 298.046511627907
24 52.4341085271318
25 5.51937984496124
26 22
27 366.431034482759
28 27.6551724137931
29 6.91379310344828
30 16
31 406.72972972973
32 32.2162162162162
33 8.05405405405405
34 19
35 419.811320754717
36 70.7547169811321
37 9.43396226415094
