x
1 0.00769230769230769
2 6
3 44.5525291828794
4 5.25291828793774
5 0.194552529182879
6 8
7 94.8941176470588
8 15.6705882352941
9 0.435294117647059
10 11
11 140.182926829268
12 24.1463414634146
13 0.670731707317073
14 8
15 179.404958677686
16 20.7644628099174
17 0.830578512396694
18 4
19 220.725806451613
20 15.3548387096774
21 1.91935483870968
22 6
23 227.364016736402
24 30.4602510460251
25 2.17573221757322
26 3
27 245.268907563025
28 34.3613445378151
29 2.36974789915966
30 10
31 279.634854771784
32 28.4813278008299
33 3.88381742738589
34 9
35 284.297071129707
36 30.6987447698745
37 4.00418410041841
