x
1 0
2 6
3 26.8888888888889
4 4
5 0.111111111111111
6 15
7 96.8438661710037
8 11.7509293680297
9 0.405204460966543
10 11
11 137.098039215686
12 14.3058823529412
13 0.596078431372549
14 12
15 168.249027237354
16 19.0194552529183
17 0.731517509727627
18 10
19 183.841897233202
20 19.3517786561265
21 0.806324110671937
22 19
23 201.25
24 27.8225806451613
25 0.92741935483871
26 13
27 220.88
28 28.112
29 2.008
30 8
31 234.755186721992
32 34.9875518672199
33 2.25726141078838
34 11
35 246.666666666667
36 46.8034188034188
37 2.52991452991453
