x
1 0
2 6
3 40.9485530546624
4 3.90675241157556
5 0.144694533762058
6 18
7 113.52
8 15.0109090909091
9 0.469090909090909
10 23
11 178.77366255144
12 34.3456790123457
13 0.880658436213992
14 18
15 250.106280193237
16 49.43961352657
17 1.45410628019324
18 24
19 325.862637362637
20 45.0879120879121
21 2.04945054945055
22 24
23 365.889570552147
24 54.8834355828221
25 5.22699386503067
26 26
27 375.992907801418
28 78.468085106383
29 6.53900709219858
30 36
31 464.233576642336
32 58.029197080292
33 7.73722627737226
34 38
35 507
36 69.3333333333333
37 8.66666666666667
