x
1 0
2 7
3 48.041935483871
4 4.78709677419355
5 0.170967741935484
6 13
7 89.8156996587031
8 11.8361774744027
9 0.348122866894198
10 14
11 115.024390243902
12 15.5191637630662
13 0.456445993031359
14 16
15 132.813868613139
16 17.6350364963504
17 0.551094890510949
18 13
19 151.568702290076
20 30.7328244274809
21 0.698473282442748
22 8
23 155.252918287938
24 34.0077821011673
25 0.739299610894942
26 12
27 156.767068273092
28 52.5381526104418
29 1.69477911646586
30 11
31 144.793388429752
32 72.396694214876
33 1.8099173553719
34 15
35 138.576271186441
36 83.5254237288136
37 1.89830508474576
