x
1 0.00383141762452107
2 9
3 30.9090909090909
4 2.9504132231405
5 0.140495867768595
6 11
7 63.9252336448598
8 11.7196261682243
9 0.355140186915888
10 10
11 69.4285714285714
12 11.1724137931034
13 0.399014778325123
14 12
15 81.419689119171
16 15.0777202072539
17 0.50259067357513
18 15
19 82.6073298429319
20 14.8795811518325
21 0.513089005235602
22 13
23 77.5851063829787
24 23.8723404255319
25 0.542553191489362
26 16
27 77.2896174863388
28 26.1420765027322
29 0.568306010928962
30 27
31 75.7790055248619
32 31.6243093922652
33 0.596685082872928
34 29
35 82.2628571428571
36 35.0628571428571
37 0.674285714285714
