x
1 0
2 6
3 48.0068728522337
4 6.80412371134021
5 0.189003436426117
6 13
7 88.3647058823529
8 22.2
9 0.435294117647059
10 11
11 154.215311004785
12 36.9377990430622
13 1.84688995215311
14 22
15 227.64
16 40.2628571428571
17 3.09714285714286
18 25
19 308.316455696203
20 40.2151898734177
21 4.46835443037975
22 16
23 350.133333333333
24 48.48
25 5.38666666666667
26 20
27 392.805755395683
28 55.6474820143885
29 6.54676258992806
30 27
31 433.39552238806
32 64.0671641791045
33 7.53731343283582
34 28
35 504.453125
36 73.375
37 9.171875
