x
1 0
2 0
3 6
4 42.5562913907285
5 8.10596026490066
6 0.16887417218543
7 0.16887417218543
8 11
9 83.9581881533101
10 11.3728222996516
11 0.334494773519164
12 0.334494773519164
13 19
14 119.124087591241
15 15.8832116788321
16 0.496350364963504
17 0.496350364963504
18 12
19 142.977272727273
20 17.1818181818182
21 1.22727272727273
22 0.613636363636364
23 15
24 162.029962546816
25 29.7902621722846
26 1.45318352059925
27 0.726591760299625
28 17
29 169.921348314607
30 40.685393258427
31 1.59550561797753
32 0.797752808988764
33 13
34 178.192307692308
35 45.2
36 1.73846153846154
37 0.869230769230769
