x
1 0.00315457413249211
2 2
3 28.2032786885246
4 5.68524590163934
5 0.111475409836066
6 4
7 49.4421052631579
8 11.3438596491228
9 0.214035087719298
10 10
11 69.8104089219331
12 18.8587360594796
13 0.330855018587361
14 12
15 84.5475285171103
16 17.06463878327
17 0.387832699619772
18 10
19 89.6434108527132
20 27.8992248062016
21 0.457364341085271
22 8
23 102.058139534884
24 27.9263565891473
25 1.01550387596899
26 9
27 116.28
28 35.496
29 1.224
30 12
31 110.864
32 51.824
33 1.312
34 13
35 118.406639004149
36 54.149377593361
37 1.44398340248963
