x
1 0
2 4
3 37.94
4 3.92
5 0.14
6 10
7 84.0872727272727
8 9.57090909090909
9 0.341818181818182
10 11
11 96.0337078651685
12 14.5505617977528
13 0.415730337078652
14 10
15 100.705882352941
16 18.3529411764706
17 0.941176470588235
18 11
19 108.389558232932
20 26.4096385542169
21 2.20080321285141
22 10
23 112.929460580913
24 28.6804979253112
25 2.39004149377593
26 18
27 122.96943231441
28 33.5371179039301
29 3.49344978165939
30 24
31 129.36036036036
32 39.7432432432432
33 3.8963963963964
34 25
35 130.230414746544
36 44.7926267281106
37 4.97695852534562
