x
1 0
2 0
3 18.695652173913
4 1.21739130434783
5 0.0869565217391304
6 7
7 44.2723214285714
8 2.51785714285714
9 0.209821428571429
10 9
11 58.6451612903226
12 4.06451612903226
13 0.290322580645161
14 6
15 61.087962962963
16 3.31018518518519
17 0.601851851851852
18 9
19 70.5714285714286
20 4.7047619047619
21 0.723809523809524
22 11
23 67.960396039604
24 8.88118811881188
25 1.15841584158416
26 11
27 70.2663316582914
28 7.5427135678392
29 1.19095477386935
30 17
31 77.4673366834171
32 15.1155778894472
33 1.41708542713568
34 15
35 84.860824742268
36 14.5773195876289
37 1.56185567010309
