x
1 0
2 0
3 4
4 27.219298245614
5 1.61111111111111
6 0.0847953216374269
7 0.0847953216374269
8 4
9 77.0487804878049
10 3.45731707317073
11 0.246951219512195
12 0.246951219512195
13 8
14 101.312693498452
15 6.01857585139319
16 0.334365325077399
17 0.334365325077399
18 13
19 127.696319018405
20 4.48773006134969
21 0.407975460122699
22 0.407975460122699
23 12
24 137.662460567823
25 12.384858044164
26 0.476340694006309
27 0.476340694006309
28 12
29 151.777070063694
30 16.1464968152866
31 0.538216560509554
32 0.538216560509554
33 8
34 158.311688311688
35 23.8961038961039
36 1.1948051948052
37 0.597402597402597
