x
1 0
2 3
3 28.1818181818182
4 2.72424242424242
5 0.0939393939393939
6 5
7 58.2360248447205
8 5.56521739130435
9 0.198757763975155
10 12
11 100.266025641026
12 8.38461538461539
13 0.349358974358974
14 10
15 126.870967741935
16 10.2387096774194
17 0.890322580645161
18 8
19 161.551155115512
20 15.2739273927393
21 1.17491749174917
22 6
23 174.475247524752
24 21.5643564356436
25 1.96039603960396
26 8
27 197.635135135135
28 23.5641891891892
29 3.80067567567568
30 13
31 203.291666666667
32 28.9236111111111
33 5.78472222222222
34 11
35 198.046594982079
36 52.505376344086
37 6.44802867383513
