x
1 0
2 3
3 27.2268907563025
4 2.64705882352941
5 0.126050420168067
6 6
7 55.7004405286344
8 2.04405286343612
9 0.255506607929515
10 6
11 78.3888888888889
12 4.22685185185185
13 0.384259259259259
14 7
15 93.0691244239631
16 5.0184331797235
17 0.912442396313364
18 0
19 116.467289719626
20 6.37383177570093
21 1.1588785046729
22 6
23 119.259433962264
24 10.5047169811321
25 1.23584905660377
26 9
27 132.758293838863
28 14.1232227488152
29 2.11848341232227
30 7
31 129.90099009901
32 27.7227722772277
33 2.37623762376238
34 6
35 128.641791044776
36 36.9950248756219
37 3.36318407960199
